%YAML:1.0
T_cam2base: !!opencv-matrix
   rows: 3
   cols: 4
   dt: d
   data: [0, -0.173648,  0.984808,       1.2,
         -1,         0,         0,      0.06,
          0, -0.984808, -0.173648,       1.7] 
         
          
DEPTH.height: 300
DEPTH.width: 480
DEPTH.D: !!opencv-matrix
   rows: 1
   cols: 5
   dt: d
   data: [0, 0, 0, 0, 0]
DEPTH.K: !!opencv-matrix
   rows: 3
   cols: 3
   dt: d
   data: [240.0, 0.000000, 240.0, 
          0.000000, 240.0, 150.0, 
          0.000000, 0.000000, 1.000000]
