%YAML:1.0
T_cam2base: !!opencv-matrix
   rows: 3
   cols: 4
   dt: d
   data: [0, -0.173648,  0.984808,       1.2,
         -1,         0,         0,      0.06,
          0, -0.984808, -0.173648,       1.7]  