%YAML:1.0
T_cam2base: !!opencv-matrix
   rows: 3
   cols: 4
   dt: d
   data: [ 0.0758576, -0.1861024,  0.9795976, 0.084,
          -0.9969751, -0.0308245,  0.0713473, -0.001,
           0.0169177, -0.9820467, -0.1878777, 0.749] 
  
DEPTH.height: 512
DEPTH.width: 612
DEPTH.D: !!opencv-matrix
   rows: 1
   cols: 5
   dt: d
   data: [-0.004032, 0.031177, 0.001353, -0.000276, 0.000000]

DEPTH.K: !!opencv-matrix
  rows: 3
  cols: 3
  dt: d
  data: [   364.86408,     0.00000,   313.95121,
     0.00000,   363.46276,   265.91420,
     0.00000,     0.00000,     1.0]

DEPTH.R: !!opencv-matrix
  rows: 3
  cols: 3
  dt: d
  data: [ 0.99854088, -0.00406544,  0.05384772,
          0.00400057,  0.99999114,  0.00131246,
         -0.05385258, -0.00109512,  0.9985483 ]

DEPTH.P: !!opencv-matrix
  rows: 3
  cols: 4
  dt: d
  data: [401.14241,     0.00000,   290.87376,     0.00000,
     0.00000,   401.14241,   261.96698,     0.00000,
     0.00000,     0.00000,     1.0000,     0.00000]

