%YAML:1.0
T_cam2base: !!opencv-matrix
   rows: 3
   cols: 4
   dt: d
   data: [ 0.0758576, -0.1861024,  0.9795976, 0.084,
          -0.9969751, -0.0308245,  0.0713473, -0.001,
           0.0169177, -0.9820467, -0.1878777, 0.749] 
  
DEPTH.height: 1024
DEPTH.width: 1224
DEPTH.D: !!opencv-matrix
   rows: 1
   cols: 5
   dt: d
   data: [-0.004032, 0.031177, 0.001353, -0.000276, 0.000000]

DEPTH.K: !!opencv-matrix
  rows: 3
  cols: 3
  dt: d
  data: [729.72816,   0.     , 627.90242,
           0.     , 726.92553, 531.82839,
           0.     ,   0.     ,   1.     ]

DEPTH.R: !!opencv-matrix
  rows: 3
  cols: 3
  dt: d
  data: [ 0.99854088, -0.00406544,  0.05384772,
          0.00400057,  0.99999114,  0.00131246,
         -0.05385258, -0.00109512,  0.9985483 ]

DEPTH.P: !!opencv-matrix
  rows: 3
  cols: 4
  dt: d
  data: [802.28482,   0.     , 581.74751,   0.     ,
           0.     , 802.28482, 523.93396,   0.     ,
           0.     ,   0.     ,   1.     ,   0.     ]

